3x1 - 0.1x2 - 0.2x3 = 7.85
0.1x1 + 7x2 - 0.3x3 = -19.3
0.3x1 - 0.2x2 + 10x3 = 71.4

[[3,-0.1,-0.2,7.85],[0.1,7,-0.3,-19.3],[0.3,-0.2,10,71.4]]

[[2,3,-1,6], [1,2,-4,8], [1,1,4,4]]

[[2,3,-1], [1,2,-4], [1,1,4]]
[6,8,4]


[[2,3,4,2,3],[3,4,5,4,5],[4,6,7,6,5],[5,7,8,9,8],[3,3,3,8,7]]
[4,6,9,7,5]

8x1 + x2 + 3x3 + 2x4 = 0 
2x1 + 9x2 - x3 - 2x4 = 1 
x1 + 3x2 + 2x3 - x4  = 2 
x1 + 6x2 + 4x3       = 3

[[8,1,3,2] , [2,9,-1,-2], [1,6,4,0], [1,3,2,-1]]

[0,1,3,2]


[[5,7,8,9,8],[4,6,7,6,5],[3,4,5,4,5],[3,3,3,8,7],[2,3,4,2,3]]
[7,9,6,5,4]